004_sugar_box 289 125 400 332
006_mustard_bottle 268 125 394 367
004_sugar_box 289 125 400 332
006_mustard_bottle 268 125 388 367
035_power_drill 268 154 433 359
004_sugar_box 212 169 387 341
006_mustard_bottle 235 160 387 341
035_power_drill 234 161 387 285
004_sugar_box 258 125 408 332
006_mustard_bottle 218 125 467 374
035_power_drill 258 126 475 376
004_sugar_box 212 129 387 369
004_sugar_box 258 125 408 332
006_mustard_bottle 268 125 467 371
035_power_drill 258 129 471 376
004_sugar_box 289 125 400 332
006_mustard_bottle 268 125 388 367
035_power_drill 268 154 433 359
004_sugar_box 289 222 400 332
006_mustard_bottle 268 251 388 265
035_power_drill 268 154 433 312
004_sugar_box 235 169 387 341
006_mustard_bottle 285 160 387 341
035_power_drill 234 161 387 285
004_sugar_box 182 205 291 260
006_mustard_bottle 223 242 381 260
035_power_drill 209 186 402 261
004_sugar_box 366 117 392 309
006_mustard_bottle 480 640 0 0
035_power_drill 297 126 412 307
004_sugar_box 158 212 342 310
006_mustard_bottle 158 302 162 302
035_power_drill 160 212 342 296
004_sugar_box 241 175 297 390
006_mustard_bottle 480 640 0 0
035_power_drill 188 205 357 422
004_sugar_box 167 167 342 273
006_mustard_bottle 335 134 390 234
035_power_drill 177 184 390 246
004_sugar_box 354 188 418 240
006_mustard_bottle 480 640 0 0
035_power_drill 191 153 331 339
004_sugar_box 372 314 424 414
006_mustard_bottle 480 640 0 0
035_power_drill 225 125 418 323
004_sugar_box 329 51 472 257
006_mustard_bottle 363 144 419 154
035_power_drill 177 181 295 323
004_sugar_box 289 125 400 332
006_mustard_bottle 268 125 394 367
035_power_drill 268 129 438 370
004_sugar_box 212 132 387 341
006_mustard_bottle 235 160 387 341
035_power_drill 234 136 440 339
004_sugar_box 182 144 363 336
006_mustard_bottle 182 205 397 336
035_power_drill 161 75 416 322
004_sugar_box 329 115 510 313
006_mustard_bottle 233 100 415 351
035_power_drill 199 98 415 313
004_sugar_box 136 212 342 348
006_mustard_bottle 120 228 193 352
035_power_drill 120 129 382 352
004_sugar_box 289 125 400 332
006_mustard_bottle 268 125 394 367
035_power_drill 268 129 438 370
004_sugar_box 289 125 400 332
006_mustard_bottle 268 125 394 367
035_power_drill 268 129 438 370
004_sugar_box 212 132 387 341
006_mustard_bottle 235 160 387 341
035_power_drill 234 136 440 339
004_sugar_box 182 144 363 336
006_mustard_bottle 182 205 397 336
035_power_drill 161 75 416 322
004_sugar_box 329 115 510 313
006_mustard_bottle 233 100 415 351
035_power_drill 199 98 415 313
004_sugar_box 136 212 342 348
006_mustard_bottle 120 228 193 352
035_power_drill 120 129 382 352
004_sugar_box 241 175 441 390
006_mustard_bottle 202 141 372 373
035_power_drill 188 175 411 435
004_sugar_box 167 167 387 280
006_mustard_bottle 167 134 390 310
035_power_drill 166 105 390 273
004_sugar_box 354 163 476 324
006_mustard_bottle 354 193 413 240
035_power_drill 159 145 401 354
004_sugar_box 252 190 472 440
006_mustard_bottle 233 125 411 305
035_power_drill 225 114 466 361
004_sugar_box 291 23 489 257
006_mustard_bottle 291 42 419 154
035_power_drill 151 109 370 365
004_sugar_box 289 125 400 332
006_mustard_bottle 268 125 388 367
035_power_drill 268 153 438 359
004_sugar_box 289 125 400 332
006_mustard_bottle 268 125 388 367
035_power_drill 268 153 438 359
004_sugar_box 212 169 387 341
006_mustard_bottle 235 160 387 341
035_power_drill 234 169 406 339
004_sugar_box 182 205 363 336
006_mustard_bottle 223 205 381 336
035_power_drill 161 75 416 319
004_sugar_box 289 125 400 332
006_mustard_bottle 268 125 388 367
035_power_drill 268 153 438 359
004_sugar_box 331 285 331 285
006_mustard_bottle 480 640 0 0
035_power_drill 422 241 422 241
004_sugar_box 480 640 0 0
006_mustard_bottle 480 640 0 0
035_power_drill 295 158 295 158
004_sugar_box 223 258 269 319
004_sugar_box 308 125 400 285
006_mustard_bottle 218 119 394 332
035_power_drill 268 123 474 375
004_sugar_box 295 132 384 341
006_mustard_bottle 238 136 414 333
035_power_drill 190 91 452 315
004_sugar_box 223 106 402 336
006_mustard_bottle 223 95 402 336
035_power_drill 162 80 402 322
004_sugar_box 327 115 498 313
006_mustard_bottle 268 100 392 313
035_power_drill 199 93 422 313
004_sugar_box 139 212 342 346
006_mustard_bottle 144 221 338 353
035_power_drill 119 123 382 353
004_sugar_box 214 170 349 392
006_mustard_bottle 207 202 334 382
035_power_drill 176 198 416 437
004_sugar_box 157 161 387 308
006_mustard_bottle 166 143 403 306
035_power_drill 166 105 390 282
004_sugar_box 350 163 458 381
006_mustard_bottle 233 171 435 351
035_power_drill 159 139 420 378
004_sugar_box 253 305 472 445
006_mustard_bottle 225 176 298 373
035_power_drill 225 133 467 322
004_sugar_box 299 23 492 257
006_mustard_bottle 323 42 457 217
035_power_drill 155 103 370 363
004_sugar_box 331 161 400 285
006_mustard_bottle 222 136 382 332
035_power_drill 321 141 426 334
004_sugar_box 295 147 384 341
006_mustard_bottle 267 136 410 259
035_power_drill 267 132 438 308
004_sugar_box 223 224 387 322
006_mustard_bottle 223 209 387 318
035_power_drill 183 156 402 265
004_sugar_box 327 115 484 313
006_mustard_bottle 268 117 392 313
035_power_drill 288 126 422 310
004_sugar_box 139 221 338 346
006_mustard_bottle 144 221 338 353
035_power_drill 160 185 342 327
004_sugar_box 220 202 349 392
006_mustard_bottle 225 202 311 382
035_power_drill 188 198 344 417
004_sugar_box 167 161 342 308
006_mustard_bottle 166 143 390 306
035_power_drill 167 115 388 273
004_sugar_box 350 188 458 376
006_mustard_bottle 244 171 323 351
035_power_drill 188 151 367 339
004_sugar_box 256 305 452 415
006_mustard_bottle 225 176 298 356
004_sugar_box 331 161 400 285
006_mustard_bottle 222 119 439 375
035_power_drill 268 128 474 375
004_sugar_box 191 117 384 341
006_mustard_bottle 267 136 410 259
035_power_drill 190 131 438 315
004_sugar_box 223 106 406 338
006_mustard_bottle 223 106 406 336
035_power_drill 158 156 402 322
004_sugar_box 327 93 498 313
004_sugar_box 308 125 400 285
006_mustard_bottle 218 119 394 332
035_power_drill 268 123 474 375
004_sugar_box 295 132 384 341
006_mustard_bottle 238 136 414 333
035_power_drill 190 91 452 315
004_sugar_box 308 125 400 226
006_mustard_bottle 355 119 394 204
035_power_drill 268 123 474 375
004_sugar_box 311 153 332 341
006_mustard_bottle 238 136 312 333
035_power_drill 190 131 438 312
004_sugar_box 223 220 397 336
006_mustard_bottle 223 213 402 336
035_power_drill 221 80 402 319
004_sugar_box 327 115 492 313
006_mustard_bottle 289 115 392 313
035_power_drill 199 96 422 312
004_sugar_box 139 221 338 346
006_mustard_bottle 158 221 338 310
035_power_drill 119 123 375 353
004_sugar_box 229 170 349 378
006_mustard_bottle 225 202 304 317
035_power_drill 183 198 408 435
004_sugar_box 167 161 387 280
006_mustard_bottle 167 175 401 280
035_power_drill 167 105 390 282
004_sugar_box 350 165 458 376
006_mustard_bottle 406 188 418 197
035_power_drill 159 139 400 366
004_sugar_box 288 305 472 445
006_mustard_bottle 225 176 298 203
035_power_drill 231 133 467 254
004_sugar_box 299 23 492 257
006_mustard_bottle 328 42 422 217
035_power_drill 155 103 367 363
004_sugar_box 308 125 400 285
006_mustard_bottle 218 119 394 332
035_power_drill 268 123 474 375
004_sugar_box 295 132 384 341
006_mustard_bottle 238 136 414 333
035_power_drill 190 91 452 315
004_sugar_box 223 106 402 336
006_mustard_bottle 223 95 402 336
035_power_drill 162 80 402 322
004_sugar_box 327 115 498 313
006_mustard_bottle 268 100 392 313
035_power_drill 199 93 422 313
004_sugar_box 139 212 342 346
006_mustard_bottle 144 221 338 353
035_power_drill 119 123 382 353
004_sugar_box 214 170 349 392
006_mustard_bottle 207 202 334 382
035_power_drill 176 198 416 437
004_sugar_box 157 161 387 308
006_mustard_bottle 166 143 403 306
035_power_drill 166 105 390 282
004_sugar_box 350 163 458 381
006_mustard_bottle 233 171 435 351
035_power_drill 159 139 420 378
004_sugar_box 253 305 472 445
006_mustard_bottle 225 176 298 373
035_power_drill 225 133 467 322
004_sugar_box 299 23 492 257
006_mustard_bottle 323 42 457 217
035_power_drill 155 103 370 363
004_sugar_box 283 196 486 410
006_mustard_bottle 266 136 456 316
035_power_drill 245 92 472 332
004_sugar_box 163 128 368 389
006_mustard_bottle 238 120 465 256
035_power_drill 185 116 429 283
004_sugar_box 208 245 434 460
006_mustard_bottle 241 276 301 360
035_power_drill 181 182 399 388
004_sugar_box 302 228 508 398
006_mustard_bottle 189 177 439 306
035_power_drill 190 80 428 327
004_sugar_box 203 99 398 310
006_mustard_bottle 203 99 345 310
035_power_drill 158 94 363 316
004_sugar_box 162 169 409 318
006_mustard_bottle 198 172 286 351
035_power_drill 198 205 461 392
004_sugar_box 209 287 390 388
006_mustard_bottle 212 127 397 374
035_power_drill 199 77 399 311
004_sugar_box 352 53 582 256
006_mustard_bottle 339 71 472 294
035_power_drill 261 53 533 242
004_sugar_box 342 124 527 352
006_mustard_bottle 374 175 470 308
035_power_drill 275 114 442 334
004_sugar_box 178 81 399 301
006_mustard_bottle 118 81 346 299
035_power_drill 101 88 350 307
004_sugar_box 259 171 498 420
006_mustard_bottle 231 172 468 316
035_power_drill 245 92 478 336
004_sugar_box 161 124 368 389
006_mustard_bottle 231 113 465 277
035_power_drill 183 102 429 306
004_sugar_box 206 245 435 460
006_mustard_bottle 174 276 307 369
035_power_drill 188 149 399 391
004_sugar_box 302 208 526 399
006_mustard_bottle 189 151 439 330
035_power_drill 177 103 433 327
<<<<<<< HEAD
004_sugar_box 297 165 499 410
006_mustard_bottle 262 136 418 305
035_power_drill 233 92 472 335
004_sugar_box 157 129 367 361
006_mustard_bottle 271 108 412 297
035_power_drill 177 83 422 311
004_sugar_box 165 226 422 396
006_mustard_bottle 374 187 514 387
035_power_drill 247 158 469 380
004_sugar_box 263 113 484 335
006_mustard_bottle 304 83 481 294
035_power_drill 218 136 426 379
004_sugar_box 172 86 399 316
006_mustard_bottle 172 119 370 203
035_power_drill 170 82 416 354
004_sugar_box 307 211 488 377
006_mustard_bottle 304 204 499 403
035_power_drill 222 185 409 398
004_sugar_box 183 167 439 335
006_mustard_bottle 185 163 439 337
035_power_drill 202 141 458 355
004_sugar_box 326 84 489 314
006_mustard_bottle 317 127 390 314
035_power_drill 259 62 449 329
004_sugar_box 159 146 349 283
006_mustard_bottle 207 66 401 274
035_power_drill 183 116 349 283
004_sugar_box 216 72 358 237
006_mustard_bottle 214 94 355 356
035_power_drill 214 50 463 260
004_sugar_box 297 165 499 410
006_mustard_bottle 262 136 418 305
035_power_drill 233 92 472 335
004_sugar_box 297 165 499 410
035_power_drill 233 92 472 335
004_sugar_box 297 165 499 410
035_power_drill 233 92 472 335
004_sugar_box 157 129 367 361
006_mustard_bottle 374 187 514 387
004_sugar_box 263 113 484 335
035_power_drill 170 82 416 354
004_sugar_box 297 165 499 410
035_power_drill 233 92 472 335
004_sugar_box 157 129 367 361
006_mustard_bottle 374 187 514 387
035_power_drill 222 185 409 398
004_sugar_box 183 167 439 335
006_mustard_bottle 317 127 390 314
035_power_drill 259 62 449 329
004_sugar_box 159 146 349 283
006_mustard_bottle 207 66 401 274
=======
004_sugar_box 283 196 486 410
006_mustard_bottle 266 136 456 316
035_power_drill 245 92 472 332
004_sugar_box 163 128 368 389
004_sugar_box 308 125 400 285
006_mustard_bottle 218 119 394 332
035_power_drill 268 123 474 375
004_sugar_box 295 132 384 341
006_mustard_bottle 238 136 414 333
035_power_drill 190 91 452 315
004_sugar_box 258 125 409 280
006_mustard_bottle 218 119 400 375
035_power_drill 244 119 475 375
004_sugar_box 224 131 391 341
006_mustard_bottle 238 130 382 341
035_power_drill 190 99 452 339
004_sugar_box 223 102 402 336
006_mustard_bottle 185 95 402 336
035_power_drill 158 80 402 322
004_sugar_box 315 115 498 313
006_mustard_bottle 268 91 424 366
035_power_drill 199 91 422 313
004_sugar_box 130 205 342 348
006_mustard_bottle 121 212 349 335
035_power_drill 119 123 393 356
004_sugar_box 207 158 372 399
006_mustard_bottle 202 202 355 373
035_power_drill 176 198 416 438
004_sugar_box 167 152 387 308
006_mustard_bottle 167 174 403 343
035_power_drill 149 105 394 282
004_sugar_box 350 162 458 381
006_mustard_bottle 232 153 418 356
035_power_drill 159 139 409 366
004_sugar_box 241 227 472 445
006_mustard_bottle 225 170 373 373
035_power_drill 208 114 467 344
004_sugar_box 287 23 492 269
006_mustard_bottle 277 42 436 226
035_power_drill 143 103 370 363
004_sugar_box 258 125 409 280
006_mustard_bottle 218 119 400 323
035_power_drill 244 119 475 375
004_sugar_box 224 131 391 341
004_sugar_box 308 125 400 226
006_mustard_bottle 355 119 394 204
035_power_drill 268 123 474 375
004_sugar_box 311 333 317 341
006_mustard_bottle 292 136 309 191
035_power_drill 190 131 438 312
004_sugar_box 223 258 363 336
006_mustard_bottle 223 259 363 336
035_power_drill 221 177 402 319
004_sugar_box 327 115 492 313
006_mustard_bottle 289 115 392 313
035_power_drill 199 96 422 312
004_sugar_box 139 221 338 346
006_mustard_bottle 158 298 170 310
035_power_drill 249 123 375 304
004_sugar_box 256 170 349 282
006_mustard_bottle 228 202 304 254
035_power_drill 183 198 372 435
004_sugar_box 167 161 387 280
006_mustard_bottle 167 175 401 280
035_power_drill 167 105 390 282
004_sugar_box 350 165 458 376
006_mustard_bottle 406 188 418 197
035_power_drill 159 139 400 366
004_sugar_box 288 305 472 445
006_mustard_bottle 225 176 298 203
035_power_drill 231 133 467 254
004_sugar_box 299 23 492 257
006_mustard_bottle 328 42 422 217
035_power_drill 294 103 367 198
004_sugar_box 365 125 400 226
006_mustard_bottle 363 119 394 163
035_power_drill 268 123 426 375
004_sugar_box 365 125 394 226
006_mustard_bottle 363 119 394 163
035_power_drill 272 123 426 359
004_sugar_box 311 333 312 339
006_mustard_bottle 480 640 0 0
035_power_drill 267 152 388 276
004_sugar_box 365 125 394 226
006_mustard_bottle 363 119 394 163
035_power_drill 272 123 426 359
004_sugar_box 365 125 394 226
006_mustard_bottle 363 119 394 163
035_power_drill 272 123 426 359
004_sugar_box 311 333 312 339
006_mustard_bottle 480 640 0 0
035_power_drill 267 152 388 276
004_sugar_box 480 640 0 0
006_mustard_bottle 480 640 0 0
035_power_drill 348 222 382 249
004_sugar_box 480 640 0 0
006_mustard_bottle 480 640 0 0
035_power_drill 480 640 0 0
004_sugar_box 480 640 0 0
006_mustard_bottle 365 129 464 272
035_power_drill 272 123 474 375
004_sugar_box 480 640 0 0
006_mustard_bottle 292 136 309 161
035_power_drill 191 131 420 275
004_sugar_box 269 319 269 319
006_mustard_bottle 480 640 0 0
035_power_drill 265 220 397 319
004_sugar_box 357 115 392 313
006_mustard_bottle 271 115 392 313
035_power_drill 288 98 384 309
004_sugar_box 158 123 330 307
006_mustard_bottle 158 221 338 307
035_power_drill 310 123 333 304
004_sugar_box 274 198 297 382
006_mustard_bottle 296 205 297 206
035_power_drill 188 198 344 425
004_sugar_box 339 157 375 210
006_mustard_bottle 167 175 401 280
035_power_drill 167 116 416 267
004_sugar_box 367 201 408 376
006_mustard_bottle 480 640 0 0
035_power_drill 194 153 410 274
004_sugar_box 231 188 432 415
006_mustard_bottle 225 194 235 203
035_power_drill 271 155 402 254
004_sugar_box 335 51 467 252
006_mustard_bottle 341 67 429 155
035_power_drill 231 154 415 184
004_sugar_box 302 123 439 287
006_mustard_bottle 218 119 474 375
035_power_drill 218 119 475 375
004_sugar_box 228 102 461 341
006_mustard_bottle 267 96 414 349
035_power_drill 187 85 440 311
004_sugar_box 223 106 402 322
006_mustard_bottle 148 95 402 346
035_power_drill 152 64 402 322
004_sugar_box 282 93 461 313
006_mustard_bottle 268 96 420 313
035_power_drill 199 93 423 313
004_sugar_box 136 123 342 348
006_mustard_bottle 136 129 342 353
035_power_drill 156 123 382 353
004_sugar_box 214 148 408 392
006_mustard_bottle 205 194 340 412
035_power_drill 183 180 416 430
004_sugar_box 167 125 429 330
006_mustard_bottle 163 117 425 343
035_power_drill 166 98 423 292
004_sugar_box 256 171 458 381
006_mustard_bottle 188 151 384 376
035_power_drill 188 139 440 378
004_sugar_box 231 186 439 417
006_mustard_bottle 166 152 299 375
035_power_drill 208 153 466 342
004_sugar_box 301 51 474 300
006_mustard_bottle 238 62 436 304
035_power_drill 172 101 415 342
>>>>>>> main
004_sugar_box 480 640 0 0
006_mustard_bottle 310 119 438 375
035_power_drill 289 123 438 352
004_sugar_box 480 640 0 0
006_mustard_bottle 292 100 385 272
035_power_drill 242 114 406 308
004_sugar_box 480 640 0 0
006_mustard_bottle 275 258 275 258
035_power_drill 133 156 308 259
004_sugar_box 480 640 0 0
006_mustard_bottle 282 72 412 313
035_power_drill 252 84 453 313
004_sugar_box 480 640 0 0
006_mustard_bottle 121 217 333 335
035_power_drill 264 183 367 310
004_sugar_box 480 640 0 0
006_mustard_bottle 207 206 369 438
035_power_drill 176 175 389 448
004_sugar_box 338 157 403 202
006_mustard_bottle 148 154 416 340
035_power_drill 136 87 420 267
004_sugar_box 480 640 0 0
006_mustard_bottle 232 151 401 242
035_power_drill 188 139 423 341
004_sugar_box 316 349 484 430
006_mustard_bottle 193 120 310 261
035_power_drill 235 133 441 346
004_sugar_box 328 51 489 209
006_mustard_bottle 287 26 475 199
035_power_drill 330 69 429 193
004_sugar_box 480 640 0 0
006_mustard_bottle 310 119 438 375
035_power_drill 289 123 438 352
004_sugar_box 480 640 0 0
006_mustard_bottle 292 100 385 272
035_power_drill 242 114 406 308
004_sugar_box 480 640 0 0
006_mustard_bottle 310 119 438 375
035_power_drill 289 123 438 352
004_sugar_box 480 640 0 0
006_mustard_bottle 292 100 385 272
035_power_drill 242 114 406 308
004_sugar_box 480 640 0 0
006_mustard_bottle 275 258 275 258
035_power_drill 133 156 308 259
004_sugar_box 480 640 0 0
006_mustard_bottle 282 72 412 313
035_power_drill 252 84 453 313
004_sugar_box 480 640 0 0
006_mustard_bottle 121 217 333 335
035_power_drill 264 183 367 310
004_sugar_box 480 640 0 0
006_mustard_bottle 207 206 369 438
035_power_drill 176 175 389 448
004_sugar_box 338 157 403 202
006_mustard_bottle 148 154 416 340
035_power_drill 136 87 420 267
004_sugar_box 480 640 0 0
006_mustard_bottle 232 151 401 242
035_power_drill 188 139 423 341
004_sugar_box 316 349 484 430
006_mustard_bottle 193 120 310 261
035_power_drill 235 133 441 346
004_sugar_box 328 51 489 209
006_mustard_bottle 287 26 475 199
035_power_drill 330 69 429 193
004_sugar_box 480 640 0 0
006_mustard_bottle 310 119 438 375
035_power_drill 289 123 438 352
004_sugar_box 480 640 0 0
006_mustard_bottle 292 100 385 272
035_power_drill 242 114 406 308
004_sugar_box 480 640 0 0
006_mustard_bottle 275 258 275 258
035_power_drill 133 156 308 259
004_sugar_box 480 640 0 0
006_mustard_bottle 282 72 412 313
035_power_drill 252 84 453 313
004_sugar_box 480 640 0 0
006_mustard_bottle 121 217 333 335
035_power_drill 264 183 367 310
004_sugar_box 480 640 0 0
006_mustard_bottle 207 206 369 438
035_power_drill 176 175 389 448
004_sugar_box 338 157 403 202
006_mustard_bottle 148 154 416 340
035_power_drill 136 87 420 267
004_sugar_box 480 640 0 0
006_mustard_bottle 232 151 401 242
035_power_drill 188 139 423 341
004_sugar_box 316 349 484 430
006_mustard_bottle 193 120 310 261
035_power_drill 235 133 441 346
004_sugar_box 328 51 489 209
006_mustard_bottle 287 26 475 199
035_power_drill 330 69 429 193
004_sugar_box 480 640 0 0
006_mustard_bottle 310 119 438 375
035_power_drill 288 88 471 352
004_sugar_box 480 640 0 0
006_mustard_bottle 292 100 385 272
035_power_drill 242 39 449 311
004_sugar_box 480 640 0 0
006_mustard_bottle 310 119 438 375
035_power_drill 268 88 488 376
004_sugar_box 480 640 0 0
006_mustard_bottle 292 100 385 272
035_power_drill 168 37 449 329
004_sugar_box 480 640 0 0
006_mustard_bottle 275 258 275 258
035_power_drill 107 48 402 343
004_sugar_box 480 640 0 0
006_mustard_bottle 282 72 412 313
035_power_drill 215 84 454 381
004_sugar_box 480 640 0 0
006_mustard_bottle 121 217 333 335
035_power_drill 109 106 393 356
004_sugar_box 480 640 0 0
006_mustard_bottle 207 206 369 438
035_power_drill 176 148 399 448
004_sugar_box 338 157 403 202
006_mustard_bottle 148 154 416 340
035_power_drill 130 82 438 299
004_sugar_box 480 640 0 0
006_mustard_bottle 232 151 401 242
035_power_drill 159 112 440 400
004_sugar_box 316 349 484 430
006_mustard_bottle 193 120 310 261
035_power_drill 193 99 474 380
004_sugar_box 328 51 489 209
006_mustard_bottle 287 26 475 199
035_power_drill 153 38 457 275
004_sugar_box 480 640 0 0
006_mustard_bottle 310 119 438 375
035_power_drill 288 88 471 352
004_sugar_box 480 640 0 0
006_mustard_bottle 292 100 385 272
035_power_drill 242 39 449 311
004_sugar_box 480 640 0 0
006_mustard_bottle 275 258 275 258
035_power_drill 124 122 381 322
004_sugar_box 480 640 0 0
006_mustard_bottle 282 72 412 313
035_power_drill 248 84 423 313
004_sugar_box 480 640 0 0
006_mustard_bottle 121 217 333 335
035_power_drill 121 137 380 337
004_sugar_box 480 640 0 0
006_mustard_bottle 207 206 369 438
035_power_drill 176 158 389 448
004_sugar_box 338 157 403 202
006_mustard_bottle 148 154 416 340
035_power_drill 163 87 431 298
004_sugar_box 480 640 0 0
006_mustard_bottle 232 151 401 242
035_power_drill 169 139 423 376
004_sugar_box 316 349 484 430
006_mustard_bottle 193 120 310 261
035_power_drill 214 106 445 364
004_sugar_box 328 51 489 209
006_mustard_bottle 287 26 475 199
035_power_drill 302 38 453 197
004_sugar_box 480 640 0 0
006_mustard_bottle 310 119 438 375
035_power_drill 289 93 452 347
004_sugar_box 480 640 0 0
006_mustard_bottle 292 100 385 272
035_power_drill 265 39 441 306
004_sugar_box 480 640 0 0
006_mustard_bottle 275 258 275 258
035_power_drill 148 168 340 259
004_sugar_box 480 640 0 0
006_mustard_bottle 282 72 412 313
035_power_drill 248 84 416 313
004_sugar_box 480 640 0 0
006_mustard_bottle 121 217 333 335
035_power_drill 128 137 370 335
004_sugar_box 480 640 0 0
006_mustard_bottle 207 206 369 438
035_power_drill 176 166 389 448
004_sugar_box 338 157 403 202
006_mustard_bottle 148 154 416 340
035_power_drill 163 87 430 298
004_sugar_box 480 640 0 0
006_mustard_bottle 232 151 401 242
035_power_drill 171 139 415 376
004_sugar_box 316 349 484 430
006_mustard_bottle 193 120 310 261
035_power_drill 214 126 445 356
004_sugar_box 328 51 489 209
006_mustard_bottle 287 26 475 199
035_power_drill 319 42 453 193
004_sugar_box 480 640 0 0
006_mustard_bottle 310 119 438 375
035_power_drill 289 123 438 352
004_sugar_box 480 640 0 0
006_mustard_bottle 292 100 385 272
035_power_drill 242 114 406 308
004_sugar_box 480 640 0 0
006_mustard_bottle 275 258 275 258
035_power_drill 133 156 308 259
004_sugar_box 480 640 0 0
006_mustard_bottle 282 72 412 313
035_power_drill 252 84 453 313
004_sugar_box 480 640 0 0
006_mustard_bottle 121 217 333 335
035_power_drill 264 183 367 310
004_sugar_box 480 640 0 0
006_mustard_bottle 207 206 369 438
035_power_drill 176 175 389 448
004_sugar_box 338 157 403 202
006_mustard_bottle 148 154 416 340
035_power_drill 136 87 420 267
004_sugar_box 480 640 0 0
006_mustard_bottle 232 151 401 242
035_power_drill 188 139 423 341
004_sugar_box 316 349 484 430
006_mustard_bottle 193 120 310 261
035_power_drill 235 133 441 346
004_sugar_box 328 51 489 209
006_mustard_bottle 287 26 475 199
035_power_drill 330 69 429 193
004_sugar_box 480 640 0 0
006_mustard_bottle 310 119 438 375
035_power_drill 289 123 438 352
004_sugar_box 480 640 0 0
006_mustard_bottle 310 119 438 375
035_power_drill 289 123 438 352
004_sugar_box 480 640 0 0
006_mustard_bottle 310 119 438 375
035_power_drill 289 123 438 352
004_sugar_box 480 640 0 0
006_mustard_bottle 292 100 385 272
035_power_drill 242 114 406 308
004_sugar_box 480 640 0 0
006_mustard_bottle 275 258 275 258
035_power_drill 133 156 308 259
004_sugar_box 480 640 0 0
006_mustard_bottle 282 72 412 313
035_power_drill 252 84 453 313
004_sugar_box 480 640 0 0
006_mustard_bottle 121 217 333 335
035_power_drill 264 183 367 310
004_sugar_box 480 640 0 0
006_mustard_bottle 207 206 369 438
035_power_drill 176 175 389 448
004_sugar_box 338 157 403 202
006_mustard_bottle 148 154 416 340
035_power_drill 136 87 420 267
004_sugar_box 480 640 0 0
006_mustard_bottle 232 151 401 242
035_power_drill 188 139 423 341
004_sugar_box 316 349 484 430
006_mustard_bottle 193 120 310 261
035_power_drill 235 133 441 346
004_sugar_box 328 51 489 209
006_mustard_bottle 287 26 475 199
035_power_drill 330 69 429 193
